      74
      60
      75
      58
      75
      68
      56
      80
      65
      67
      79
      68
      59
      53
      66
      45
      64
      76
      70
      56
      68
      57
      71
      69
      71
      73
      64
      59
      68
      62
      58
      68
      67
      70
      78
      60
      63
      67
      58
      61
      61
      62
      67
      77
      70
      79
      55
      76
      55
      58
      67
      69
      47
      59
      56
      66
      66
      59
      59
      51
      65
      62
      61
      70
      64
      62
      71
      59
      64
      65
      67
      47
      90
      62
      68
      58
      72
      62
      62
      65
      56
      74
      65
      61
      57
      67
      66
      55
      74
      78
      57
      69
      74
      73
      57
      65
      65
      63
      63
      71
      59
      70
      49
      62
      63
      74
      62
      65
      68
      61
      71
      73
      66
      84
      70
      74
      65
      77
      59
      62
      60
      47
      69
      81
      59
      60
      74
      71
      51
      63
      72
      71
      63
      63
      56
      68
      53
      67
      66
      68
      69
      68
      71
      60
      63
      51
      62
      44
      66
      82
      74
      47
      66
      63
      82
      73
      57
      63
      51
      72
      56
      60
      61
      53
      57
      65
      66
      53
      84
      53
      81
      57
      55
      61
      68
      64
      70
      59
      76
      65
      77
      52
      60
      61
      59
      70
      57
      58
      63
      88
      70
      72
      66
      65
      61
      58
      67
      65
      53
      98
      79
      66
      71
      57
      72
      56
      58
      71
      77
      60
      70
      63
      53
      70
      69
      70
      72
      75
      76
      64
      59
      65
      52
      77
      58
      82
      65
      66
      60
      64
      42
      66
      68
      84
      55
      65
      59
      63
      70
      53
      65
      47
      46
      73
      56
      52
      67
      70
      82
      52
      63
      67
      74
      64
      68
      54
      63
      62
      55
      69
      55
      69
      67
      79
      57
      63
      70
      70
      62
      90
      56
      66
      57
      59
      62
      74
      63
      44
      78
      77
      57
      76
      79
      68
      50
      64
      53
      70
      61
      68
      65
      64
      64
      77
      68
      55
      63
      72
      67
      55
      65
      75
      74
      80
      65
      71
      59
      47
      76
      80
      69
      67
      63
      69
      77
      65
      69
      62
      52
      66
      78
      57
      66
      62
      68
      59
      62
      45
      63
      61
      78
      68
      63
      74
      68
      57
      57
      64
      64
      63
      63
      56
      71
      58
      63
      70
      56
      59
      82
      67
      59
      56
      65
      45
      62
      54
      64
      72
      67
      61
      70
      68
      64
      66
      65
      57
      85
      66
      64
      68
      64
      63
      68
      64
      66
      58
      60
      67
      71
      73
      61
      71
      70
      64
      62
      57
      78
      64
      72
      64
      60
      68
      57
      61
      54
      77
      69
      71
      66
      62
      64
      62
      57
      62
      65
      46
      77
      64
      66
      57
      58
      60
      61
      70
      65
      64
      56
      59
      55
      52
      65
      68
      68
      59
      64
      59
      51
      42
      64
      52
      49
      68
      60
      71
      54
      54
      55
      73
      79
      66
      61
      61
      73
      66
      64
      62
      72
      78
      57
      50
      50
      74
      63
      73
      70
      82
      63
      53
      64
      73
      66
      63
      48
      65
      71
      71
      61
      66
      59
      72
      57
      76
      55
      67
      65
      63
      65
      72
      49
      72
      71
      71
      60
      65
      61
      74
      77
      78
      67
      65
      73
      70
      66
      63
      58
      71
      68
      59
      74
      61
      56
      68
      72
      67
      83
      70
      78
      68
      79
      72
      63
      65
      57
      58
      57
      81
      68
      72
      68
      57
      70
      65
      65
      57
      57
      72
      73
      74
      55
      57
      73
      69
      69
      55
      61
      61
      72
      65
      55
      58
      57
      71
      70
      56
      61
      48
      71
      64
      64
      65
      60
      79
      79
      62
      67
      64
      57
      60
      75
      65
      63
      92
      59
      72
      65
      58
      68
      64
      71
      61
      83
      70
      66
      74
      61
      65
      55
      54
      66
      50
      68
      69
      67
      60
      65
      56
      63
      67
      60
      70
      64
      59
      53
      78
      51
      72
      56
      81
      80
      65
      64
      61
      60
      70
      70
      85
      63
      73
      54
      63
      60
      74
      73
      72
      76
      56
      54
      75
      52
      75
      64
      67
      71
      74
      67
      70
      68
      59
      65
      55
      75
      79
      73
      57
      87
      78
      81
      62
      60
      82
      63
      86
      72
      67
      71
      71
      57
      71
      64
      65
      72
      67
      51
      56
      73
      72
      54
      57
      63
      58
      60
      66
      52
      56
      71
      58
      66
      63
      76
      64
      55
      49
      70
      65
      71
      60
      72
      62
      54
      72
      67
      62
      66
      56
      68
      71
      70
      65
      81
      78
      60
      61
      63
      78
      66
      65
      55
      60
      46
      71
      64
      67
      62
      67
      61
      58
      59
      62
      65
      68
      57
      57
      67
      75
      50
      60
      62
      70
      68
      76
      63
      56
      51
      78
      66
      63
      61
      66
      79
      80
      66
      85
      55
      60
      63
      78
      72
      59
      66
      56
      63
      62
      73
      71
      57
      65
      73
      51
      51
      68
      70
      59
      77
      72
      62
      59
      68
      61
      68
      65
      65
      63
      63
      64
      67
      54
      58
      64
      57
      74
      62
      66
      80
      70
      64
      46
      71
      81
      65
      66
      72
      58
      68
      66
      76
      58
      67
      58
      65
      58
      61
      69
      80
      92
      60
      56
      58
      49
      74
      72
      69
      66
      63
      68
      70
      53
      52
      53
      66
      53
      74
      56
      78
      78
      59
      61
      57
      55
      65
      67
      54
      81
      63
      67
      71
      77
      68
      75
      63
      69
      75
      44
      72
      52
      74
      66
      56
      66
      70
      76
      69
      73
      55
      75
      71
      56
      57
      65
      54
      66
      65
      56
      66
      59
      71
      64
      66
      59
      65
      63
      55
      58
      57
      72
      76
      62
      59
      59
      65
      75
      79
      54
      62
      68
      56
      64
      57
      68
      65
      64
      60
      67
      73
      53
      62
      65
      60
      67
      69
      61
      75
      65
      62
      67
      59
      54
      55
      63
      67
      69
      63
      81
      70
      63
      56
      58
      55
      59
      78
      47
      67
      62
      52
      67
      64
      54
      62
      57
      73
      54
      63
      58
      60
      67
      60
      55
      67
      46
      72
      70
      54
      59
      66
      78
      73
      76
      70
      65
      64
      68
      59
      58
      83
      70
      75
      74
      66
      50
      64
      65
      59
      68
      60
      74
      61
      60
      62
      63
      59
      59
      68
      70
      62
      57
      76
      68
      60
      58
      66
      69
      61
      74
      55
      81
      61
      53
      69
      70
      63
      81
      58
      63
      62
      71
      67
      57
      51
      61
      56
      52
      68
      62
      54
      69
      62
      51
      67
      58
      70
      64
