      49
      33
      40
      52
      34
      46
      50
      49
      43
      35
      40
      34
      45
      50
      46
      46
      33
      43
      46
      55
      50
      43
      33
      47
      48
      56
      50
      37
      44
      37
      42
      53
      49
      37
      45
      35
      48
      59
      51
      50
      46
      51
      47
      40
      43
      61
      42
      37
      35
      38
      44
      42
      52
      44
      42
      43
      39
      49
      38
      47
      33
      53
      47
      52
      47
      41
      44
      41
      48
      47
      45
      53
      46
      52
      45
      43
      52
      42
      40
      44
      43
      54
      47
      40
      35
      50
      58
      51
      54
      39
      48
      46
      42
      47
      58
      42
      46
      44
      45
      35
      42
      40
      47
      52
      58
      45
      50
      50
      46
      46
      48
      47
      37
      41
      43
      42
      44
      41
      48
      35
      56
      45
      47
      42
      35
      45
      52
      45
      39
      40
      58
      48
      35
      42
      46
      39
      44
      42
      49
      44
      32
      51
      39
      43
      44
      51
      46
      48
      42
      52
      40
      47
      47
      60
      52
      39
      47
      48
      39
      58
      43
      50
      65
      47
      43
      51
      38
      50
      36
      44
      59
      42
      41
      48
      47
      44
      42
      40
      49
      49
      45
      56
      44
      41
      41
      42
      55
      57
      34
      42
      51
      37
      35
      40
      42
      47
      53
      40
      46
      38
      38
      48
      37
      42
      41
      58
      44
      51
      50
      39
      38
      33
      45
      35
      42
      49
      32
      60
      48
      44
      41
      37
      40
      49
      50
      48
      49
      34
      37
      43
      48
      50
      45
      37
      55
      33
      45
      41
      40
      39
      51
      56
      42
      31
      34
      46
      40
      48
      52
      54
      47
      49
      48
      48
      31
      45
      41
      47
      43
      47
      46
      44
      60
      40
      42
      33
      49
      50
      50
      34
      48
      51
      45
      59
      39
      41
      37
      42
      41
      43
      46
      43
      59
      47
      32
      50
      47
      47
      39
      47
      42
      43
      37
      42
      46
      35
      38
      48
      46
      39
      52
      41
      47
      47
      38
      41
      46
      43
      48
      41
      48
      44
      42
      45
      57
      40
      42
      48
      42
      35
      43
      46
      35
      37
      39
      56
      46
      44
      52
      56
      39
      44
      31
      58
      51
      51
      38
      44
      46
      52
      46
      37
      40
      47
      45
      52
      48
      49
      38
      50
      38
      40
      37
      41
      52
      40
      50
      44
      47
      53
      25
      42
      46
      43
      38
      37
      48
      52
      39
      50
      49
      45
      38
      42
      51
      62
      44
      47
      35
      41
      56
      41
      40
      44
      38
      45
      42
      47
      34
      42
      51
      48
      43
      51
      48
      34
      50
      36
      45
      44
      55
      50
      57
      47
      49
      39
      35
      37
      44
      52
      50
      39
      36
      45
      59
      43
      57
      42
      43
      34
      39
      46
      39
      52
      45
      41
      39
      30
      46
      39
      48
      32
      52
      49
      38
      40
      40
      32
      47
      41
      47
      54
      55
      34
      44
      43
      50
      37
      55
      50
      42
      41
      44
      46
      41
      43
      45
      39
      49
      48
      52
      42
      43
      36
      40
      35
      32
      42
      35
      42
      35
      45
      39
      57
      45
      39
      48
      54
      40
      39
      49
      37
      42
      57
      45
      45
      46
      48
      28
      44
      49
      41
      39
      44
      48
      36
      35
      41
      38
      38
      43
      43
      46
      52
      40
      39
      46
      40
      49
      34
      40
      38
      32
      54
      52
      52
      37
      56
      45
      38
      43
      26
      38
      39
      47
      43
      44
      33
      41
      44
      53
      36
      45
      36
      57
      45
      37
      46
      37
      57
      47
      60
      55
      62
      40
      52
      39
      49
      47
      50
      51
      42
      53
      50
      38
      40
      56
      46
      40
      50
      31
      41
      46
      40
      41
      53
      44
      45
      47
      42
      53
      49
      53
      48
      49
      31
      51
      38
      42
      49
      47
      40
      41
      39
      40
      53
      43
      53
      32
      44
      48
      52
      46
      46
      54
      56
      46
      52
      36
      48
      46
      37
      48
      46
      45
      34
      41
      48
      41
      49
      38
      51
      43
      48
      48
      37
      45
      46
      46
      44
      41
      42
      48
      44
      41
      46
      48
      51
      48
      51
      39
      49
      41
      44
      59
      38
      40
      60
      52
      44
      35
      38
      40
      56
      54
      38
      37
      50
      50
      39
      42
      44
      40
      37
      52
      45
      51
      48
      48
      56
      39
      44
      53
      58
      44
      38
      39
      48
      33
      47
      38
      41
      51
      33
      57
      47
      42
      41
      50
      38
      47
      43
      44
      36
      50
      49
      52
      32
      41
      50
      48
      43
      33
      47
      45
      39
      63
      57
      43
      44
      45
      43
      50
      47
      57
      40
      58
      39
      56
      53
      37
      44
      46
      47
      39
      50
      50
      45
      52
      45
      47
      44
      42
      50
      52
      39
      56
      42
      56
      43
      56
      49
      43
      40
      55
      54
      47
      39
      41
      45
      65
      46
      45
      48
      58
      41
      39
      51
      36
      51
      57
      46
      43
      40
      48
      42
      48
      49
      46
      50
      59
      44
      45
      40
      40
      43
      51
      45
      51
      50
      43
      52
      43
      27
      50
      52
      38
      44
      45
      38
      66
      51
      51
      53
      43
      40
      40
      37
      37
      38
      46
      49
      50
      41
      45
      52
      32
      34
      46
      43
      47
      48
      36
      46
      53
      50
      48
      39
      40
      54
      48
      44
      43
      48
      37
      44
      51
      60
      44
      46
      47
      53
      41
      39
      45
      41
      45
      52
      37
      49
      42
      42
      44
      42
      42
      39
      43
      44
      33
      52
      48
      36
      53
      42
      44
      55
      43
      57
      46
      51
      39
      47
      54
      50
      48
      38
      54
      47
      39
      47
      48
      58
      39
      56
      44
      50
      51
      44
      55
      44
      38
      43
      38
      44
      59
      51
      64
      39
      58
      47
      42
      52
      50
      33
      31
      40
      37
      50
      37
      49
      50
      38
      42
      47
      48
      60
      44
      45
      35
      38
      48
      41
      45
      41
      46
      47
      44
      46
      46
      45
      39
      43
      41
      49
      56
      46
      43
      42
      42
      44
      35
      37
      37
      42
      52
      34
      46
      42
      46
      55
      59
      43
      36
      41
      40
      45
      43
      45
      38
      50
      47
      45
      40
      44
      34
      44
      51
      50
      45
      49
      48
      44
      35
      51
      50
      42
      48
      47
      50
      41
      52
      38
      42
      49
      41
      48
      48
      35
      36
      42
      49
      54
      44
      40
      50
      34
      43
      50
      48
      51
      56
      47
      45
      40
      45
      50
      46
      49
      46
      39
      48
      36
      51
      43
      50
      39
      48
      48
      34
      63
