      44
      48
      48
      51
      38
      49
      56
      59
      46
      42
      45
      53
      43
      52
      51
      65
      45
      56
      46
      48
      51
      47
      55
      59
      58
      53
      61
      52
      51
      44
      56
      42
      53
      48
      54
      46
      46
      57
      42
      54
      43
      48
      42
      40
      59
      44
      55
      56
      52
      47
      44
      45
      47
      52
      61
      58
      53
      45
      49
      54
      41
      47
      54
      40
      46
      56
      42
      47
      55
      54
      54
      46
      47
      38
      38
      57
      44
      33
      49
      42
      50
      48
      43
      65
      49
      48
      43
      54
      62
      53
      38
      42
      48
      45
      44
      50
      50
      52
      52
      51
      52
      58
      49
      55
      45
      54
      42
      34
      57
      42
      55
      45
      51
      52
      49
      48
      45
      49
      48
      59
      39
      34
      51
      54
      54
      47
      55
      60
      59
      50
      60
      43
      59
      43
      45
      45
      43
      59
      52
      54
      51
      40
      48
      47
      44
      63
      44
      47
      46
      50
      49
      51
      51
      56
      40
      59
      57
      41
      57
      55
      54
      44
      50
      53
      50
      52
      54
      39
      55
      63
      40
      48
      40
      58
      37
      48
      52
      52
      64
      43
      45
      58
      47
      61
      71
      51
      51
      50
      49
      50
      62
      53
      47
      52
      35
      64
      50
      48
      59
      56
      56
      53
      51
      50
      48
      44
      52
      46
      47
      61
      42
      49
      57
      43
      55
      49
      43
      37
      49
      52
      46
      55
      44
      53
      55
      49
      59
      46
      39
      59
      58
      48
      46
      51
      36
      56
      49
      35
      45
      48
      53
      51
      43
      50
      51
      61
      52
      42
      46
      62
      46
      44
      64
      48
      65
      49
      56
      51
      54
      47
      56
      44
      51
      57
      48
      46
      57
      49
      51
      49
      54
      35
      53
      58
      53
      55
      57
      58
      61
      59
      53
      50
      48
      41
      52
      37
      46
      43
      51
      57
      57
      64
      59
      48
      58
      59
      45
      38
      57
      47
      55
      48
      43
      51
      57
      47
      57
      48
      43
      49
      39
      60
      60
      45
      54
      43
      45
      63
      59
      51
      40
      39
      54
      63
      49
      58
      57
      52
      50
      50
      49
      43
      41
      46
      51
      46
      45
      34
      53
      53
      42
      44
      47
      44
      37
      53
      50
      47
      53
      48
      45
      37
      55
      46
      67
      56
      48
      53
      65
      56
      37
      41
      37
      36
      48
      46
      56
      57
      51
      53
      50
      58
      46
      48
      50
      36
      38
      40
      45
      58
      54
      55
      55
      49
      45
      53
      44
      54
      45
      41
      52
      35
      52
      47
      54
      29
      40
      56
      59
      50
      50
      51
      38
      61
      50
      57
      46
      43
      67
      45
      49
      52
      57
      36
      52
      49
      51
      49
      43
      48
      55
      52
      45
      50
      45
      53
      50
      51
      43
      50
      32
      45
      58
      52
      51
      45
      44
      51
      40
      56
      59
      51
      54
      37
      58
      54
      53
      50
      45
      47
      51
      51
      48
      48
      60
      56
      54
      47
      47
      45
      56
      49
      50
      48
      37
      47
      44
      40
      49
      56
      73
      49
      49
      57
      44
      54
      58
      53
      57
      51
      44
      46
      49
      40
      57
      39
      54
      43
      46
      44
      56
      47
      49
      62
      50
      46
      51
      66
      39
      50
      51
      48
      53
      66
      37
      65
      76
      51
      42
      48
      46
      50
      52
      49
      56
      49
      51
      44
      42
      54
      65
      37
      46
      49
      48
      57
      49
      49
      40
      58
      50
      54
      71
      49
      53
      54
      43
      38
      54
      60
      54
      51
      58
      50
      51
      49
      45
      51
      46
      56
      59
      41
      45
      54
      42
      46
      39
      52
      49
      44
      46
      43
      54
      46
      56
      54
      50
      43
      60
      60
      42
      53
      37
      49
      56
      49
      54
      45
      53
      48
      50
      59
      57
      53
      40
      55
      51
      59
      60
      49
      56
      50
      55
      54
      50
      52
      45
      43
      58
      40
      34
      44
      43
      54
      39
      47
      48
      48
      44
      43
      47
      45
      60
      50
      55
      44
      56
      51
      47
      55
      47
      53
      41
      35
      40
      53
      58
      37
      44
      45
      51
      52
      47
      54
      46
      55
      45
      50
      61
      51
      53
      51
      47
      42
      56
      41
      36
      38
      55
      49
      64
      57
      54
      62
      50
      53
      46
      57
      58
      46
      43
      39
      57
      48
      55
      54
      61
      44
      43
      42
      46
      46
      46
      56
      54
      53
      47
      41
      45
      37
      64
      44
      51
      56
      51
      42
      38
      44
      54
      61
      49
      53
      50
      44
      51
      45
      52
      54
      53
      48
      55
      58
      50
      54
      55
      45
      41
      40
      51
      56
      51
      36
      48
      43
      44
      46
      51
      59
      51
      44
      53
      46
      42
      64
      36
      69
      39
      55
      43
      56
      71
      58
      56
      52
      48
      42
      50
      44
      53
      43
      43
      43
      46
      60
      44
      49
      36
      59
      54
      60
      51
      42
      70
      61
      56
      58
      51
      48
      49
      34
      47
      44
      62
      54
      40
      38
      51
      47
      63
      43
      44
      43
      52
      43
      53
      46
      61
      44
      59
      48
      59
      53
      53
      49
      44
      60
      55
      39
      55
      56
      59
      52
      52
      57
      53
      62
      47
      65
      51
      48
      50
      55
      53
      55
      50
      40
      42
      50
      63
      68
      49
      65
      35
      51
      41
      53
      48
      53
      50
      36
      55
      65
      52
      35
      38
      51
      53
      42
      41
      42
      60
      52
      52
      48
      39
      50
      42
      61
      37
      53
      54
      41
      52
      44
      46
      47
      60
      49
      60
      65
      44
      59
      53
      42
      56
      50
      42
      49
      52
      48
      42
      56
      53
      54
      59
      47
      50
      52
      50
      45
      44
      51
      44
      48
      55
      47
      48
      48
      50
      47
      53
      57
      56
      61
      53
      41
      32
      51
      38
      51
      54
      48
      56
      54
      53
      57
      52
      47
      62
      57
      40
      45
      42
      47
      56
      40
      60
      44
      46
      49
      51
      42
      45
      54
      43
      49
      49
      41
      62
      51
      50
      53
      45
      57
      60
      45
      51
      48
      60
      53
      40
      40
      63
      56
      56
      47
      54
      42
      50
      50
      48
      45
      54
      50
      51
      49
      62
      69
      56
      50
      59
      48
      38
      44
      45
      47
      53
      44
      52
      53
      38
      55
      47
      44
      39
      46
      44
      47
      59
      48
      66
      52
      38
      41
      54
      61
      49
      55
      48
      47
      49
      54
      55
      41
      59
      49
      45
      42
      43
      51
      51
      47
      54
      54
      52
      56
      60
      38
      46
      53
