      44
      45
      40
      30
      44
      30
      41
      51
      36
      44
      40
      39
      47
      30
      39
      44
      48
      38
      35
      41
      39
      46
      51
      46
      38
      39
      30
      31
      49
      43
      44
      42
      46
      41
      46
      51
      49
      46
      32
      54
      34
      52
      41
      32
      44
      34
      36
      35
      29
      37
      48
      28
      31
      32
      40
      46
      38
      41
      34
      43
      41
      39
      43
      32
      44
      36
      34
      48
      40
      47
      33
      37
      34
      52
      40
      47
      40
      35
      28
      45
      39
      45
      28
      55
      55
      50
      32
      52
      44
      30
      33
      35
      46
      42
      47
      30
      41
      40
      33
      48
      45
      54
      44
      32
      34
      45
      33
      44
      53
      45
      41
      37
      42
      39
      34
      41
      36
      46
      55
      54
      45
      37
      48
      54
      42
      42
      44
      39
      28
      37
      41
      37
      46
      31
      33
      41
      41
      54
      29
      43
      38
      39
      37
      46
      49
      48
      37
      34
      40
      38
      36
      37
      40
      35
      39
      37
      33
      49
      28
      42
      28
      43
      37
      43
      36
      41
      37
      48
      32
      41
      32
      50
      37
      47
      41
      37
      33
      42
      38
      46
      50
      48
      34
      40
      44
      49
      35
      39
      41
      42
      43
      38
      34
      27
      43
      60
      40
      44
      35
      33
      42
      37
      47
      39
      37
      46
      48
      40
      44
      43
      45
      37
      41
      48
      41
      45
      32
      41
      40
      50
      42
      39
      36
      48
      38
      55
      33
      55
      48
      43
      40
      42
      43
      35
      39
      52
      37
      47
      49
      42
      35
      38
      46
      42
      34
      33
      41
      41
      35
      41
      46
      55
      40
      37
      46
      36
      39
      33
      33
      42
      41
      43
      35
      33
      36
      41
      27
      37
      35
      43
      47
      48
      31
      41
      31
      37
      37
      28
      39
      48
      36
      25
      50
      42
      45
      46
      35
      43
      32
      33
      39
      50
      48
      50
      38
      54
      31
      41
      39
      37
      46
      37
      40
      40
      44
      39
      46
      48
      41
      44
      29
      42
      32
      34
      47
      36
      47
      48
      45
      42
      44
      45
      35
      34
      28
      42
      48
      48
      42
      32
      38
      47
      44
      47
      43
      38
      35
      43
      49
      38
      38
      38
      40
      38
      30
      33
      32
      40
      35
      47
      43
      27
      44
      46
      42
      34
      38
      44
      40
      36
      41
      38
      47
      38
      37
      51
      31
      39
      44
      34
      50
      56
      48
      36
      24
      42
      44
      36
      37
      44
      43
      33
      40
      39
      42
      39
      41
      48
      30
      36
      35
      32
      28
      38
      35
      34
      35
      33
      42
      44
      36
      31
      53
      38
      41
      43
      31
      43
      46
      36
      38
      46
      42
      40
      52
      36
      41
      39
      43
      44
      42
      47
      45
      41
      44
      55
      51
      48
      27
      40
      30
      42
      38
      35
      40
      50
      37
      42
      35
      44
      33
      34
      40
      37
      46
      34
      43
      52
      35
      38
      43
      34
      37
      55
      47
      45
      48
      37
      39
      37
      28
      41
      35
      44
      50
      45
      34
      40
      37
      50
      38
      47
      45
      46
      33
      39
      37
      39
      45
      41
      36
      41
      37
      37
      34
      37
      46
      37
      42
      41
      50
      50
      38
      36
      48
      39
      21
      35
      43
      36
      37
      29
      38
      44
      45
      52
      46
      48
      33
      46
      46
      32
      35
      57
      29
      45
      43
      39
      32
      40
      31
      52
      41
      33
      40
      34
      44
      41
      40
      41
      37
      42
      42
      37
      40
      33
      28
      38
      53
      45
      51
      45
      36
      35
      26
      41
      33
      40
      43
      47
      39
      44
      46
      41
      41
      40
      42
      43
      46
      44
      46
      40
      44
      37
      48
      47
      31
      35
      58
      32
      43
      40
      48
      38
      35
      30
      35
      39
      40
      31
      43
      37
      51
      49
      50
      39
      36
      37
      51
      34
      34
      42
      39
      40
      39
      56
      40
      41
      40
      41
      50
      33
      32
      33
      42
      42
      51
      41
      35
      44
      35
      53
      44
      44
      51
      36
      40
      37
      34
      39
      44
      44
      34
      46
      45
      44
      27
      38
      35
      32
      33
      43
      37
      43
      43
      43
      32
      37
      45
      50
      40
      45
      40
      30
      46
      35
      44
      34
      33
      37
      48
      40
      44
      42
      31
      43
      29
      43
      27
      35
      47
      36
      33
      48
      40
      27
      27
      36
      42
      43
      41
      40
      41
      39
      35
      35
      40
      36
      36
      44
      30
      35
      37
      59
      37
      41
      41
      38
      31
      36
      41
      44
      51
      45
      43
      37
      39
      39
      26
      40
      48
      34
      32
      32
      33
      39
      41
      32
      42
      33
      40
      62
      40
      43
      34
      34
      55
      26
      51
      41
      44
      46
      39
      37
      42
      40
      40
      32
      46
      32
      41
      45
      44
      57
      52
      45
      42
      36
      28
      37
      47
      47
      35
      49
      50
      50
      45
      36
      45
      32
      41
      41
      48
      38
      36
      39
      35
      38
      39
      35
      29
      37
      41
      44
      50
      35
      31
      38
      36
      39
      46
      49
      40
      24
      32
      30
      36
      43
      43
      43
      36
      37
      38
      41
      45
      37
      40
      49
      36
      42
      43
      37
      40
      41
      40
      29
      42
      31
      42
      29
      45
      28
      39
      37
      49
      45
      33
      41
      46
      41
      40
      30
      45
      35
      34
      37
      46
      34
      30
      33
      38
      36
      41
      37
      47
      34
      45
      46
      34
      48
      56
      44
      40
      38
      30
      47
      47
      43
      43
      43
      35
      47
      25
      46
      49
      36
      39
      44
      45
      40
      38
      30
      42
      41
      40
      44
      47
      27
      39
      39
      36
      41
      43
      39
      43
      47
      50
      55
      45
      36
      37
      36
      41
      32
      28
      27
      32
      33
      46
      44
      23
      29
      29
      33
      38
      36
      34
      30
      44
      27
      40
      52
      37
      40
      55
      29
      32
      49
      39
      29
      37
      30
      48
      27
      45
      44
      45
      32
      42
      32
      37
      36
      46
      42
      38
      43
      35
      34
      46
      47
      31
      43
      51
      40
      36
      35
      43
      45
      35
      45
      42
      36
      46
      42
      32
      38
      30
      37
      38
      44
      43
      48
      40
      28
      38
      40
      40
      38
      37
      42
      36
      32
      48
      41
      39
      43
      35
      42
      35
      31
      30
      36
      37
      34
      46
      37
      37
      34
      37
      45
      36
      39
      37
      44
      34
      43
      32
      37
      42
      43
      47
      39
      36
      47
      43
      52
      42
      49
      30
      43
      45
      42
      43
      38
      41
      25
      32
      44
      44
      54
