      57
      44
      57
      49
      62
      51
      52
      53
      57
      66
      60
      64
      49
      53
      67
      55
      67
      59
      57
      66
      50
      64
      67
      57
      53
      48
      55
      57
      48
      61
      60
      64
      60
      51
      65
      50
      53
      56
      47
      42
      47
      51
      57
      54
      51
      64
      46
      45
      56
      50
      44
      56
      43
      55
      61
      52
      51
      56
      48
      55
      64
      48
      49
      73
      54
      48
      60
      51
      62
      59
      56
      53
      56
      65
      69
      47
      54
      58
      51
      59
      52
      40
      55
      54
      43
      42
      59
      41
      55
      50
      59
      59
      51
      39
      52
      61
      48
      47
      62
      56
      56
      51
      63
      45
      58
      55
      58
      49
      75
      42
      68
      58
      52
      56
      49
      53
      58
      46
      55
      58
      57
      56
      46
      54
      47
      50
      52
      46
      50
      68
      66
      53
      42
      54
      51
      63
      56
      55
      52
      56
      60
      46
      54
      56
      52
      55
      53
      53
      61
      57
      60
      63
      46
      53
      56
      56
      59
      59
      60
      60
      56
      53
      74
      62
      55
      60
      61
      55
      51
      51
      53
      57
      45
      68
      60
      50
      62
      54
      49
      63
      57
      50
      64
      62
      52
      59
      52
      61
      55
      60
      56
      61
      46
      54
      54
      45
      59
      50
      49
      61
      56
      46
      51
      44
      52
      53
      45
      59
      60
      58
      45
      45
      71
      54
      54
      49
      55
      57
      51
      57
      63
      62
      56
      50
      58
      51
      54
      50
      52
      44
      64
      62
      55
      49
      55
      48
      61
      53
      66
      59
      56
      57
      69
      45
      62
      63
      43
      76
      66
      58
      40
      63
      60
      67
      45
      55
      52
      55
      45
      65
      56
      63
      45
      58
      56
      50
      58
      64
      39
      69
      67
      67
      62
      40
      55
      47
      45
      50
      49
      63
      59
      44
      56
      61
      60
      47
      59
      55
      62
      53
      60
      59
      54
      57
      42
      46
      56
      62
      52
      61
      51
      65
      58
      69
      37
      43
      57
      58
      40
      63
      46
      65
      56
      46
      75
      65
      59
      48
      46
      68
      48
      58
      43
      59
      55
      55
      60
      61
      73
      66
      50
      57
      52
      50
      50
      66
      51
      51
      42
      50
      57
      51
      67
      46
      61
      44
      59
      54
      60
      47
      70
      62
      44
      55
      53
      55
      65
      72
      56
      60
      47
      47
      56
      57
      48
      52
      61
      48
      54
      42
      47
      51
      50
      64
      46
      62
      50
      53
      43
      46
      47
      50
      52
      57
      51
      57
      57
      54
      54
      53
      43
      67
      40
      44
      48
      52
      65
      57
      51
      61
      43
      54
      54
      59
      60
      46
      60
      51
      54
      59
      51
      43
      54
      56
      56
      50
      66
      55
      59
      51
      39
      62
      62
      55
      49
      47
      54
      61
      49
      58
      56
      54
      48
      49
      58
      54
      56
      53
      59
      48
      46
      52
      69
      61
      57
      59
      55
      46
      62
      43
      54
      56
      55
      51
      43
      42
      52
      56
      48
      47
      67
      54
      42
      60
      55
      51
      57
      45
      53
      60
      47
      56
      55
      63
      56
      65
      54
      56
      70
      55
      58
      46
      42
      62
      66
      54
      53
      49
      53
      46
      54
      54
      60
      51
      64
      45
      62
      51
      66
      45
      53
      51
      51
      66
      55
      64
      52
      65
      53
      51
      56
      57
      43
      44
      55
      46
      52
      52
      51
      67
      51
      43
      60
      47
      54
      50
      64
      71
      61
      43
      61
      47
      52
      70
      53
      57
      53
      64
      66
      56
      49
      69
      36
      62
      52
      48
      45
      42
      45
      53
      57
      62
      52
      53
      51
      61
      53
      60
      49
      43
      59
      59
      52
      55
      62
      63
      52
      51
      59
      48
      54
      63
      50
      55
      51
      61
      53
      47
      63
      54
      66
      65
      47
      51
      55
      62
      57
      53
      48
      59
      68
      54
      59
      59
      55
      59
      46
      45
      64
      69
      53
      48
      43
      71
      51
      55
      63
      48
      57
      61
      43
      56
      66
      59
      58
      55
      58
      43
      50
      60
      67
      58
      44
      51
      48
      57
      52
      54
      49
      51
      56
      58
      54
      67
      69
      59
      42
      58
      31
      55
      51
      48
      51
      59
      63
      50
      52
      48
      58
      40
      50
      64
      49
      60
      56
      50
      53
      43
      60
      66
      66
      51
      73
      63
      54
      51
      61
      67
      46
      53
      50
      53
      51
      56
      50
      52
      71
      51
      55
      53
      66
      68
      61
      43
      58
      47
      48
      64
      56
      51
      51
      52
      49
      54
      51
      51
      62
      45
      52
      52
      52
      54
      47
      53
      64
      51
      44
      49
      46
      56
      44
      62
      46
      47
      52
      56
      69
      60
      66
      48
      53
      55
      54
      62
      49
      59
      61
      64
      46
      60
      38
      68
      47
      48
      48
      58
      72
      60
      48
      50
      48
      57
      55
      55
      57
      56
      56
      49
      51
      54
      55
      47
      56
      50
      51
      56
      54
      75
      55
      64
      51
      57
      64
      42
      53
      44
      69
      61
      44
      49
      48
      50
      41
      51
      57
      58
      59
      47
      59
      64
      52
      46
      56
      46
      46
      69
      46
      52
      50
      48
      49
      61
      54
      66
      48
      61
      52
      50
      36
      51
      44
      60
      53
      73
      50
      51
      58
      61
      58
      62
      62
      61
      63
      60
      42
      70
      63
      46
      57
      67
      47
      62
      59
      49
      59
      44
      50
      53
      51
      64
      46
      63
      52
      48
      58
      66
      47
      52
      49
      55
      59
      48
      49
      66
      57
      61
      47
      56
      52
      44
      47
      56
      51
      47
      60
      51
      61
      54
      48
      61
      65
      54
      50
      69
      53
      52
      49
      49
      64
      49
      58
      53
      48
      50
      50
      48
      48
      52
      63
      55
      48
      45
      57
      60
      63
      57
      58
      62
      54
      60
      57
      59
      55
      62
      51
      55
      60
      46
      57
      46
      39
      53
      54
      61
      63
      61
      54
      55
      45
      59
      58
      62
      57
      58
      49
      52
      51
      46
      52
      59
      47
      70
      55
      53
      55
      59
      44
      50
      45
      50
      41
      49
      59
      55
      48
      64
      52
      55
      60
      42
      65
      53
      51
      59
      55
      64
      62
      48
      66
      59
      67
      58
      58
      53
      63
      62
      58
      56
      48
      44
      52
      62
      55
      57
      44
      44
      51
      49
      50
      68
      48
      67
      54
      53
      57
      54
      59
      42
      64
      56
      45
      49
      62
      54
      60
      55
      50
      62
      50
      55
      47
      50
      48
      39
      62
      62
      53
      59
      62
      50
