      55
      61
      68
      57
      60
      52
      54
      56
      65
      58
      69
      60
      63
      60
      69
      71
      55
      61
      55
      59
      66
      68
      61
      48
      64
      53
      53
      58
      61
      57
      53
      61
      60
      64
      79
      67
      37
      53
      60
      55
      67
      48
      69
      46
      61
      62
      55
      58
      56
      64
      54
      61
      74
      54
      60
      59
      63
      69
      56
      59
      49
      63
      51
      58
      63
      57
      56
      79
      60
      66
      54
      62
      76
      59
      49
      71
      68
      68
      50
      66
      63
      55
      71
      58
      57
      61
      54
      65
      59
      72
      65
      59
      67
      61
      55
      61
      58
      73
      60
      54
      50
      69
      68
      67
      73
      69
      42
      46
      65
      56
      73
      54
      59
      65
      62
      64
      71
      67
      59
      63
      61
      63
      61
      87
      62
      42
      62
      71
      53
      60
      66
      50
      63
      69
      65
      48
      57
      54
      66
      51
      63
      65
      65
      56
      60
      59
      68
      62
      53
      61
      70
      65
      51
      56
      60
      52
      55
      50
      64
      52
      71
      57
      64
      65
      68
      54
      67
      67
      67
      62
      58
      63
      60
      66
      64
      58
      53
      64
      53
      48
      54
      61
      59
      66
      60
      76
      56
      61
      61
      54
      46
      62
      53
      54
      62
      63
      45
      72
      65
      60
      64
      76
      46
      48
      73
      58
      67
      53
      52
      55
      70
      83
      64
      48
      53
      54
      58
      49
      50
      58
      53
      64
      57
      64
      66
      52
      75
      62
      60
      61
      63
      69
      52
      64
      73
      74
      59
      45
      64
      75
      65
      47
      47
      65
      54
      56
      75
      58
      49
      48
      79
      65
      70
      59
      63
      55
      57
      61
      59
      67
      65
      61
      46
      51
      69
      66
      61
      56
      60
      59
      64
      80
      59
      52
      68
      73
      69
      56
      68
      67
      58
      60
      45
      56
      58
      55
      63
      52
      67
      55
      67
      64
      67
      66
      52
      61
      59
      64
      60
      65
      62
      57
      59
      56
      56
      65
      72
      68
      64
      59
      63
      45
      55
      74
      60
      60
      62
      44
      56
      65
      52
      60
      63
      57
      65
      64
      48
      55
      60
      52
      68
      65
      58
      59
      57
      52
      58
      54
      69
      67
      64
      58
      48
      48
      56
      62
      53
      60
      50
      50
      46
      57
      60
      64
      49
      50
      56
      63
      52
      64
      69
      65
      47
      55
      64
      74
      56
      50
      64
      70
      56
      60
      63
      56
      61
      62
      51
      54
      54
      71
      48
      60
      71
      51
      64
      63
      57
      53
      53
      69
      58
      59
      61
      72
      55
      54
      78
      56
      52
      50
      51
      76
      64
      57
      66
      56
      53
      53
      62
      70
      61
      71
      44
      67
      60
      59
      57
      38
      67
      51
      51
      63
      57
      63
      71
      59
      60
      52
      59
      60
      58
      56
      54
      52
      70
      66
      80
      68
      54
      59
      62
      54
      63
      66
      58
      61
      75
      56
      72
      66
      68
      67
      64
      58
      57
      54
      62
      56
      46
      69
      63
      62
      62
      69
      54
      59
      55
      65
      59
      57
      51
      66
      60
      58
      62
      50
      62
      61
      59
      56
      59
      60
      59
      45
      66
      65
      62
      63
      65
      66
      52
      54
      70
      57
      60
      51
      55
      59
      60
      64
      59
      58
      57
      51
      61
      56
      52
      53
      61
      47
      55
      77
      54
      54
      63
      77
      54
      53
      63
      56
      62
      76
      45
      59
      47
      63
      54
      62
      43
      51
      64
      62
      52
      61
      53
      60
      68
      51
      55
      62
      60
      63
      42
      46
      69
      64
      64
      67
      61
      52
      59
      58
      52
      54
      57
      49
      57
      72
      63
      59
      59
      61
      55
      59
      50
      51
      55
      58
      62
      66
      62
      60
      65
      59
      73
      56
      57
      72
      58
      62
      52
      48
      61
      47
      60
      54
      70
      47
      59
      61
      57
      73
      75
      63
      56
      48
      58
      57
      55
      49
      59
      60
      76
      63
      62
      73
      63
      54
      66
      59
      54
      60
      56
      45
      61
      73
      69
      69
      40
      59
      54
      57
      60
      66
      54
      62
      52
      63
      57
      69
      61
      70
      74
      59
      51
      58
      54
      42
      65
      51
      69
      64
      71
      67
      69
      62
      62
      76
      66
      61
      66
      68
      65
      59
      60
      60
      59
      51
      79
      73
      56
      57
      59
      58
      72
      58
      63
      53
      50
      64
      51
      66
      65
      63
      72
      58
      45
      60
      63
      55
      51
      60
      62
      55
      65
      56
      58
      69
      66
      55
      59
      60
      65
      62
      55
      69
      65
      56
      71
      55
      53
      60
      67
      61
      59
      60
      68
      72
      60
      67
      49
      63
      77
      62
      50
      58
      62
      63
      71
      75
      62
      66
      65
      57
      45
      54
      61
      52
      51
      46
      57
      72
      65
      78
      58
      67
      50
      45
      59
      57
      65
      59
      56
      51
      53
      66
      56
      49
      49
      62
      67
      67
      60
      65
      48
      48
      60
      62
      62
      80
      42
      67
      71
      64
      64
      58
      69
      55
      52
      57
      65
      58
      55
      59
      51
      65
      74
      87
      74
      47
      69
      71
      56
      56
      57
      59
      56
      61
      58
      59
      58
      69
      69
      46
      62
      67
      64
      50
      58
      58
      65
      58
      47
      57
      66
      47
      48
      60
      70
      46
      61
      54
      49
      60
      59
      67
      81
      66
      54
      64
      59
      56
      61
      66
      72
      74
      53
      54
      56
      66
      75
      59
      68
      51
      63
      63
      54
      64
      69
      65
      73
      62
      58
      62
      59
      61
      57
      72
      62
      67
      64
      58
      67
      62
      60
      72
      52
      63
      68
      39
      55
      47
      49
      55
      52
      72
      65
      59
      68
      59
      49
      64
      48
      57
      63
      64
      54
      66
      76
      47
      63
      56
      49
      61
      56
      54
      70
      61
      58
      59
      62
      70
      67
      65
      53
      70
      62
      64
      62
      76
      67
      57
      46
      49
      66
      70
      64
      73
      57
      72
      56
      67
      63
      47
      71
      71
      55
      67
      54
      64
      60
      59
      68
      59
      56
      44
      52
      68
      62
      50
      64
      61
      73
      59
      56
      76
      68
      63
      53
      66
      57
      63
      54
      55
      71
      67
      61
      60
      56
      60
      63
      54
      61
      43
      64
      36
      54
      56
      64
      65
      61
      61
      62
      56
      65
      49
      56
      63
      54
      66
      65
      70
      57
      60
      62
      62
      57
      58
      56
      60
      65
      61
      58
      66
      77
      60
      60
      62
      74
      68
      50
      71
      70
      59
      74
      58
      59
      59
      61
      69
